10,193
10,297
10,121
10,221
10,281
10,141
10,17
10,195
10,2
10,3
11,14
11,5
11,19
11,24
11,16
11,15
11,2
11,3
9,5
9,7
9,2
9,3
8,6
8,17
8,10
8,9
8,4
8,12
8,2
8,3
203,5
203,4
203,3
20,2
20,1
203,2
203,1
203,0
202,3
20,3
202,2
202,1
202,0
200,3
200,2
200,1
200,0
198,3
19,2
19,1
198,2
198,1
198,0
194,3
19,3
194,2
194,1
194,0
190,3
190,2
190,1
190,0
189,4
189,3
189,2
189,1
189,0
188,4
188,3
188,2
188,1
188,0
167,3
167,2
167,1
167,0
12,1
12,3
18,1
12,2
18,3
11,29
11,7
11,1
14,1
11,6
14,3
13,1
10,292
13,3
10,250
10,236
10,228
10,220
10,156
10,88
10,1
10,16
9,6
9,1
2,2
2,1
9,4
2,3
8,18
8,14
8,1
8,11
3,3
3,2
3,1
0,278
